117938
118018
118164
118226
118454
118502
118610
118642
118664
118718
118744
118784
118816
118838
118868
118908
118978
118994
119032
119066
119086
119134
119136
119136
119270
119316
119318
119370
119402
119406
119408
119458
119504
119582
119596
119612
119652
119672
119730
119744
119762
119766
119834
119938
119948
119950
119958
119988
120018
120046
120080
120114
120114
120126
120136
120152
120178
120182
120194
120230
120264
120286
120302
120304
120392
120412
120452
120468
120510
120516
120526
120588
120636
120656
120682
120684
120688
120708
120752
120818
120848
120852
120944
120944
120956
120980
121020
121028
121084
121128
121274
121344
121470
121792
121822
121912
122006
122214
122224
122594
