14950
14972
14976
14978
14982
14982
14984
14984
14988
14990
14990
14990
14992
14992
14992
14994
14994
14994
14996
14996
14996
14998
14998
15000
15000
15000
15000
15002
15002
15002
15004
15004
15004
15004
15004
15004
15004
15004
15006
15006
15006
15006
15008
15008
15008
15008
15010
15010
15010
15010
15012
15012
15012
15012
15014
15014
15014
15014
15014
15016
15016
15016
15018
15018
15018
15018
15018
15018
15020
15022
15022
15022
15024
15024
15024
15024
15024
15024
15026
15026
15026
15028
15028
15028
15030
15030
15032
15032
15034
15034
15034
15036
15036
15036
15038
15042
15042
15042
15048
15062
