6220
6868
7688
7752
8382
8468
8770
8772
9572
9894
10398
10410
10662
10686
10816
10836
10904
11496
11640
11668
11738
11782
11966
12202
12452
12882
12888
12974
12984
13022
13076
13080
13122
13138
13146
13336
13400
13404
13422
13430
13462
13514
13574
13610
13674
13718
13752
14088
14112
14208
14282
14446
14460
14650
14704
14760
14852
14924
14966
15054
15154
15188
15520
15648
15736
15784
15968
15994
16156
16228
16300
16418
16640
16812
16904
17192
17680
17736
17860
18004
18652
18672
18732
18896
19140
19518
19560
19674
19864
20204
20714
21096
21188
21426
21726
22022
22092
22410
22936
27108
