13424
13734
13770
13980
14082
14092
14126
14134
14152
14174
14190
14224
14234
14244
14276
14318
14324
14364
14378
14408
14410
14422
14524
14528
14546
14582
14586
14590
14598
14626
14692
14720
14730
14732
14762
14778
14780
14804
14856
14870
14872
14874
14878
14900
14906
14912
14916
14922
14924
14936
14968
14980
14982
14994
15028
15050
15056
15080
15104
15126
15128
15142
15144
15154
15162
15216
15272
15290
15352
15382
15392
15410
15436
15440
15482
15544
15546
15562
15566
15590
15604
15618
15632
15718
15752
15796
15814
15924
15970
15974
16056
16066
16134
16174
16188
16214
16460
16676
16800
16896
